/*
 * Academic License - for use in teaching, academic research, and meeting
 * course requirements at degree granting institutions only.  Not for
 * government, commercial, or other organizational use.
 *
 * File: chirp_rev_detect_data.c
 *
 * Code generated for Simulink model 'chirp_rev_detect'.
 *
 * Model version                  : 12.1
 * Simulink Coder version         : 25.2 (R2025b) 28-Jul-2025
 * C/C++ source code generated on : Fri Jun 26 16:20:47 2026
 *
 * Target selection: ert.tlc
 * Embedded hardware selection: ARM Compatible->ARM Cortex-A (64-bit)
 * Code generation objectives: Unspecified
 * Validation result: Not run
 */

#include "chirp_rev_detect.h"

/* Block parameters (default storage) */
P_chirp_rev_detect_T chirp_rev_detect_P = {
  /* Expression: 1
   * Referenced by: '<Root>/Constant1'
   */
  1.0,

  /* Expression: -1
   * Referenced by: '<Root>/Constant'
   */
  -1.0,

  /* Expression: 1
   * Referenced by: '<S14>/Constant2'
   */
  1.0,

  /* Expression: 0
   * Referenced by: '<Root>/Data Store Memory1'
   */
  0.0,

  /* Expression: 0
   * Referenced by: '<Root>/Data Store Memory2'
   */
  0.0,

  /* Expression: 0
   * Referenced by: '<Root>/Data Store Memory3'
   */
  0.0,

  /* Expression: 0
   * Referenced by: '<Root>/Data Store Memory4'
   */
  0.0,

  /* Computed Parameter: Delay1_InitialCondition
   * Referenced by: '<Root>/Delay1'
   */
  0.0F,

  /* Computed Parameter: Gain_Gain
   * Referenced by: '<S12>/Gain'
   */
  0.5F,

  /* Computed Parameter: DigitalFilter_InitialStates
   * Referenced by: '<S13>/Digital Filter'
   */
  0.0F,

  /* Computed Parameter: DigitalFilter_Coefficients
   * Referenced by: '<S13>/Digital Filter'
   */
  { 0.000164453668F, -0.0363688879F, -0.00707286131F, -0.00150263694F,
    0.00457054097F, 0.00767388288F, 0.00662475917F, 0.00316846697F,
    5.31711339E-5F, -0.00147022924F, -0.00237546652F, -0.00418099947F,
    -0.00667204196F, -0.00740915397F, -0.00387152936F, 0.00364089804F,
    0.0111803422F, 0.0136266947F, 0.00868241489F, -0.00102207938F,
    -0.00965187047F, -0.0124800336F, -0.00914751831F, -0.00325299264F,
    0.00123141706F, 0.00326259714F, 0.00478116376F, 0.00761242956F,
    0.0104837995F, 0.00954442658F, 0.0020696267F, -0.00966445357F,
    -0.0187477842F, -0.0184252858F, -0.00769915F, 0.00724813342F, 0.0173363667F,
    0.0173155013F, 0.00931396056F, 0.000173688924F, -0.00473551406F,
    -0.00566142797F, -0.00677165529F, -0.010540789F, -0.0139071262F,
    -0.0105324257F, 0.00241519464F, 0.0193502735F, 0.0287200864F, 0.0218720362F,
    0.00105769467F, -0.0208763406F, -0.0297754444F, -0.0211022329F,
    -0.00310822623F, 0.0106037902F, 0.0128013594F, 0.00793556497F,
    0.00634338055F, 0.0123697072F, 0.0182507988F, 0.01050115F, -0.0150503423F,
    -0.0443851128F, -0.0525196642F, -0.0234916974F, 0.031734515F, 0.0776273832F,
    0.0775699541F, 0.023239214F, -0.054284744F, -0.102672413F, -0.0852996409F,
    -0.00959526096F, 0.0753055811F, 0.111993015F, 0.0753055811F, -0.00959526096F,
    -0.0852996409F, -0.102672413F, -0.054284744F, 0.023239214F, 0.0775699541F,
    0.0776273832F, 0.031734515F, -0.0234916974F, -0.0525196642F, -0.0443851128F,
    -0.0150503423F, 0.01050115F, 0.0182507988F, 0.0123697072F, 0.00634338055F,
    0.00793556497F, 0.0128013594F, 0.0106037902F, -0.00310822623F,
    -0.0211022329F, -0.0297754444F, -0.0208763406F, 0.00105769467F,
    0.0218720362F, 0.0287200864F, 0.0193502735F, 0.00241519464F, -0.0105324257F,
    -0.0139071262F, -0.010540789F, -0.00677165529F, -0.00566142797F,
    -0.00473551406F, 0.000173688924F, 0.00931396056F, 0.0173155013F,
    0.0173363667F, 0.00724813342F, -0.00769915F, -0.0184252858F, -0.0187477842F,
    -0.00966445357F, 0.0020696267F, 0.00954442658F, 0.0104837995F,
    0.00761242956F, 0.00478116376F, 0.00326259714F, 0.00123141706F,
    -0.00325299264F, -0.00914751831F, -0.0124800336F, -0.00965187047F,
    -0.00102207938F, 0.00868241489F, 0.0136266947F, 0.0111803422F,
    0.00364089804F, -0.00387152936F, -0.00740915397F, -0.00667204196F,
    -0.00418099947F, -0.00237546652F, -0.00147022924F, 5.31711339E-5F,
    0.00316846697F, 0.00662475917F, 0.00767388288F, 0.00457054097F,
    -0.00150263694F, -0.00707286131F, -0.0363688879F, 0.000164453668F },

  /* Computed Parameter: DigitalFilter_InitialStates_o
   * Referenced by: '<S2>/Digital Filter'
   */
  0.0F,

  /* Computed Parameter: DigitalFilter_Coefficients_o
   * Referenced by: '<S2>/Digital Filter'
   */
  { 0.0123157706F, -0.0610285178F, -0.0154704489F, -0.00170368375F,
    0.00499065313F, 0.00552015752F, 0.000493773667F, -0.00532038091F,
    -0.00645398255F, -0.00151421619F, 0.00512878131F, 0.00730487332F,
    0.00267965975F, -0.00479781535F, -0.00817161F, -0.00398316234F,
    0.00427149795F, 0.0090238424F, 0.00549988355F, -0.0035259868F,
    -0.0098591689F, -0.00722381845F, 0.00254477421F, 0.0106799258F,
    0.00924948417F, -0.00118742115F, -0.0114013981F, -0.0115525853F,
    -0.00054266816F, 0.012119459F, 0.0143558942F, 0.0028775793F, -0.0127507774F,
    -0.017809771F, -0.00606095232F, 0.0132788606F, 0.0223111305F, 0.0105800293F,
    -0.0137197888F, -0.0287001077F, -0.0175864249F, 0.0140843485F, 0.0391400792F,
    0.0301153921F, -0.0144189512F, -0.0607721806F, -0.0604296923F, 0.0145100122F,
    0.144499704F, 0.268039733F, 0.318769544F, 0.268039733F, 0.144499704F,
    0.0145100122F, -0.0604296923F, -0.0607721806F, -0.0144189512F, 0.0301153921F,
    0.0391400792F, 0.0140843485F, -0.0175864249F, -0.0287001077F, -0.0137197888F,
    0.0105800293F, 0.0223111305F, 0.0132788606F, -0.00606095232F, -0.017809771F,
    -0.0127507774F, 0.0028775793F, 0.0143558942F, 0.012119459F, -0.00054266816F,
    -0.0115525853F, -0.0114013981F, -0.00118742115F, 0.00924948417F,
    0.0106799258F, 0.00254477421F, -0.00722381845F, -0.0098591689F,
    -0.0035259868F, 0.00549988355F, 0.0090238424F, 0.00427149795F,
    -0.00398316234F, -0.00817161F, -0.00479781535F, 0.00267965975F,
    0.00730487332F, 0.00512878131F, -0.00151421619F, -0.00645398255F,
    -0.00532038091F, 0.000493773667F, 0.00552015752F, 0.00499065313F,
    -0.00170368375F, -0.0154704489F, -0.0610285178F, 0.0123157706F },

  /* Computed Parameter: Delay2_InitialCondition
   * Referenced by: '<Root>/Delay2'
   */
  0.0F,

  /* Computed Parameter: DigitalFilter_InitialStates_n
   * Referenced by: '<S1>/Digital Filter'
   */
  0.0F,

  /* Computed Parameter: DigitalFilter_Coefficients_d
   * Referenced by: '<S1>/Digital Filter'
   */
  { 0.0123157706F, -0.0610285178F, -0.0154704489F, -0.00170368375F,
    0.00499065313F, 0.00552015752F, 0.000493773667F, -0.00532038091F,
    -0.00645398255F, -0.00151421619F, 0.00512878131F, 0.00730487332F,
    0.00267965975F, -0.00479781535F, -0.00817161F, -0.00398316234F,
    0.00427149795F, 0.0090238424F, 0.00549988355F, -0.0035259868F,
    -0.0098591689F, -0.00722381845F, 0.00254477421F, 0.0106799258F,
    0.00924948417F, -0.00118742115F, -0.0114013981F, -0.0115525853F,
    -0.00054266816F, 0.012119459F, 0.0143558942F, 0.0028775793F, -0.0127507774F,
    -0.017809771F, -0.00606095232F, 0.0132788606F, 0.0223111305F, 0.0105800293F,
    -0.0137197888F, -0.0287001077F, -0.0175864249F, 0.0140843485F, 0.0391400792F,
    0.0301153921F, -0.0144189512F, -0.0607721806F, -0.0604296923F, 0.0145100122F,
    0.144499704F, 0.268039733F, 0.318769544F, 0.268039733F, 0.144499704F,
    0.0145100122F, -0.0604296923F, -0.0607721806F, -0.0144189512F, 0.0301153921F,
    0.0391400792F, 0.0140843485F, -0.0175864249F, -0.0287001077F, -0.0137197888F,
    0.0105800293F, 0.0223111305F, 0.0132788606F, -0.00606095232F, -0.017809771F,
    -0.0127507774F, 0.0028775793F, 0.0143558942F, 0.012119459F, -0.00054266816F,
    -0.0115525853F, -0.0114013981F, -0.00118742115F, 0.00924948417F,
    0.0106799258F, 0.00254477421F, -0.00722381845F, -0.0098591689F,
    -0.0035259868F, 0.00549988355F, 0.0090238424F, 0.00427149795F,
    -0.00398316234F, -0.00817161F, -0.00479781535F, 0.00267965975F,
    0.00730487332F, 0.00512878131F, -0.00151421619F, -0.00645398255F,
    -0.00532038091F, 0.000493773667F, 0.00552015752F, 0.00499065313F,
    -0.00170368375F, -0.0154704489F, -0.0610285178F, 0.0123157706F },

  /* Computed Parameter: Delay7_InitialCondition
   * Referenced by: '<S14>/Delay7'
   */
  0.0F,

  /* Computed Parameter: Delay8_InitialCondition
   * Referenced by: '<S14>/Delay8'
   */
  0.0F,

  /* Computed Parameter: Delay9_InitialCondition
   * Referenced by: '<S14>/Delay9'
   */
  0.0F
};

/*
 * File trailer for generated code.
 *
 * [EOF]
 */
